1013

115151555. 934. 1555551511551. 198. 151. 971.
1151511511. 539. 151155. 877. 155’. 885.
11515155 pl. 783. 111555. 811. 1551. 889, 385.
1155151. 881. 11551 583. 1555. 817.
1151115. 11. 115551155. 555. 15511115. 474.
11511. 844. 115115 01. 467. 1551111515. 813.
11555151. 778. 1151515. 555. 155515. 466.
11115. 848. 11551515 884. 1555. 818.
1115. 515. 11551555115. 587. 1555515 B. 188.
1115515555. 157. 1155555155. 674. 1511551. 157.
15555115 V. 443. 11551. 454. 1515 part. 858.
1551115115. 878. 115151 Or. 467. 151. 508, 864.
155115151155115. 578. 1155151515551 895. 1515551115. 888.
1515551. 884. 111511). 888. 155. 558.
15155515. 851. 1115115. 884. 15555155115. 683.
151555111551. 847. 11151555515. 507. leod. 558.
151555. 198. 1115551115 588. 1511151. 890.
1511. 88. 11111115. 868. 1553555551 U. 451.
1511. 304. 5511511555 V.. 761. 1151 V. 8.
knikke. 585. 551151515515 V. 751. 11555 V. 7.
knip. 788. 11115. 570. 115 5. 585.
1511115115. 585. 115555. 554. 11555551. 458.
1511ρί511. 850. 11155515. 884. 11551. 734.
1555551. 834. 1155. 16. 1155151. 196.
1551151515. 899. 115151. 539. lid. 589, 945.
15515115. 899. 11555. 171. lide. 585.
1551. 585. 11115. 184. 11515515. 448, 945.
155115. 874. 1155155. 554. 1111551151. 851.
155151. 888. 11555. 85. 1151151. 41.
15511155 055. 474. 1151. 154. 11555. 451.
151 ’5. 58. 1155. 159. 115155555151551511150511.
1551151. 881. 11551555515. 866. liis. 548, 978.
15511555, 881. 11155115 U. 101. 1115 οἱ). 888.
10555. 184. 1115. 88. 11151515. 994.
15511511555. 858. 15 51. 811. 111555. 918.
15555. 881. 157. 58. lillepiipker. 558.
1551. 881. 15115. 589. 1111511115. 758.
1551155 pl. 816. 11551. 141. line. 511.
15115. 998. 151151. 308. 11555555. 849.
1511505. 741. 115555. 515. lippen. 618.
151. 875. 115. 558.
151155. 168. 155151555555511. 514. 1155115115. 558.
15151. 855. 15555551. 838. 11555. 859.
15151. 440. 1551. 858. 11555. 980.
1551515. 888. 15551. 505. 11551. 674.
155151 U. 40. 1551115. 851. ljeppe. 5858111913.
165. 588. 155515. 885. ljirre· 22⁶2 662·
koningsroede U. 889. 15551. 585. 115551. 674.
1551. 887. 15555. 881. 11511. 900.
1551. 874, 877, 818. 15115 886. louge. 880.
15515. 879. 15515151. 171. 1051115. 880.
1511. 417, 741. 1551515111. 111. 15515. 884.
151115. 715. 15515151. 111. 155115. 54.
1511. 647, 588. 15551. 768. lom· 848.
151515551. 857. 155155155. 814. 105555ρὶ. 513, 654.
155. 819, 115. 855. 1555551151. 468.
15511515. 514. lap. 885, 409, 15515. 458.
1555151. 554. lupe. 885. lost 844.

 

