1686

6161661616. 146. 666661661. 768. 6666666. 747. 763·
666166. 666. 6661. 698. (1661. 731, 763, 864.
(16661666. 696, 611. 6661. 646. 6661166. 731.
731. 6666. 868. 6666. 766.
673. 66661. 796. 66666666. 766.
. 669. 666666. 791, 796. 66666. 767.
66616616 66. 606. 66666. 668. 666666τυί66. 768.
66616661. 636. 66166. 775, 861, 814. (1667666661. 764.
6 6661. 636. 661166. 846, 766. 666666. 763.
6111 646. 661616. 766. 66661. 764.
666. 666. 66666166. 716, 777. 6661166. 766.
6666161. 611. 6666166666. 616, 716. 661661661666. 746.
666. 188, 661. 66661616. 618. 6661. 698.
dunig· 8⁰5· 6666. 786. 666116. 763.
darie„ 616. domi.. 687. 666666. 767.
661161· 616· 66666666. 691. 66661. 764.
666161 616, 647. 666166. 76, 676. 666. 761.
666666666161. 616, 784. doolhos. 776. 66111 1. 768.
6661661666· 686. 6666. 648. 6616111116. 761.
666166666666 pl. 636. door adj. 647, 717. (1616166. 746, sq.
,666666 , 676. 66666. 611. drissven. 748.
66666666. 693. 6666666661. 716. 66 ben. 696.
6661666. 662, 630· 666666666166. 714. 661. 616, 694.
,661666 638. doppen, 083, 714, . (16116166. 776, sq.
,661. 643. 6666666. 71. 661166. 778.
6616. 636. dorp. 698. (1616616. 799.
6611. 666. 666661. 667. 6616. 778.
delle. 663. 666666. 789. 6611. 768. ⁸
6611610011· 244, 6⁶4· 666161. 784. (16166161 788. .
66616. 616. 666. 718. 6616616666. 668.
6661166166. 616. 661. 718. (1616616. 946.
66666. 696. dotje. 699, 694, 761. 661666. 666.
666166. 778. 66666. 618. 66111 767, 776.
6661116666 683· 66616666. 847, 736. 661166 61. 698.
66661661. 688. 66661666 pL 847. 666. 647.
6666. 676. (666) 6661616166. 788. 666616. 718.
666611. 618. dtas. 746. 66666. 698.
doyligh. 668. 6666161. 736. 6666666. 796.
66666. 668. 66666166. 767. dut· 702.
6161. 666. 66666161. 747. 661166. 691.
dier. 676. dre ge. 733. 6666661666. 797.
6161. 666. 6661. 746. 666666. 846, 679, 716.
11616. 797. 6666661. 766. (luyso. 693.
6116666. 669. 6666166. 766. duyseghperken. 696.
611166. 643. 6666666. 731. 666666. 781.
dingen. 661. 6666666. 764. 6666116616. 861, 814.
61661. 661. 6666161. 748. 66666. 666.
61661661. 661. 6666661161. 861. 66666. 816.
616166. 747. 661116. 767. 6666611611 614.
6111666. 747. 6611166. 766. 666166. 614.
ditch. 136, 617. (6161666616. 743. 6666616166. 666.
dobba. 669. 6661666666. 741. 6666666611. 816.
66666166. 666. 6616166. 697. 66611. 818.
dobber. 688. druch. 768. 666666. 816.
66616. 768, 778. 66661. 766. 6”666. 814.
666166. 846, 768, 778. 66666. 696, 768. 6166668.
66666. 698. 6666666. 698. 616666. 649.
66611666. 698. 66666161. 766. 61616661. 88.

 

