1033

000010. 371. 0100 bag. 383. 00000100. 455.
000010. · 369. bluely. 405. boy. 439.
00001. 373. 01000000. 381. 0001010. 439.
00010100. 373. 010000000 Am. 403. boyne. 551.
0000000000. 373. 0100000. 394. 0000010. 533.
beyond. 134. 01000. 335. broch. 433.
0100. 337. 0100100. 405. brock. 434.
010000. 339. 0101100. 406. brackly. 503.
010100. , 376. 0000001. 310. braid. 499.
bid. 341. 00001. 413. brak. 434.
010000. 341. 000. 416. 00010. 433, 504,00. 568.
0100. 633. 000010 pl. 416. 00000100. 539.
01110000. 356. 0001011. 416. 00000.’ 136.
011100. 315. 0000000. 579. 00000100. 136.
0111. 393. bodo. 419. 0000000111. 434.
011100. 303, 397, 549. body. 303. 0000000. 138.
010. 551. boffy. 433. 0000ογ. 437.
0101. 313. bog. 153, 418. 00000. 487.
,0100. 491. bog ler. 153. 0001. 509.
0101. · 330. 0001000. 531. 0001100. 436.
010001. 376. boo. 549. 00011. 436.
bit. 356. 0010100000. 337. breve. 433, 533.
01100. 375. 001000. 441. 000000100οτ. 431.
01101. 353. 0010001ος. 444. 00001. 504.
011110. 357. bole. 447. 000001. 503.
010000. 339. 001ἓο0. 446. 00000. 489. 499, 509.
01000. 376. bol 0. 407, 443. 0000. 506.
blodo. 377, 336. 001100. 443. 000000. 537.
bloeberry. 333. 0010100. · 443. 0000000001. 439.

01001. 330. 0011. 473, 539. 0000000000 pl. 439.
0100101. 335. 001100. 167, 539. 00000. 510.

01000. 377. 000100. 456. 0000000. 510.
01010. 377. boniet. 353, 553. breekgirdille. 536.

0101000. 376. booby. 416. 000010 pl. 534.
0100.· 334. book. 433. brek. 503.

01000. 317. 0001001000. 433. breme. 514.
01000. 335. 0001100000. 433. brew. 531.
010000. 385, boon. 147, 304. 001001. 493.
01001. 391. 0000000100. 147. 00100. 490.
0100000000. 831. 0000. 556. bridegroom. 493.
0101. 373. 0001. 437. 00100010100. 433.
010000. 395. 000110. 431. brig. 483.
01100. 393. borrow. 461. 001 go. 407.
blind bargain. 394. 0000. 636. 001001. 513.
01100000. 393. 0000. 463. brim. 514.
01101. 394, 395. 001010 437, 533. 00100. 505.
01100. 385. 0010. 437. bring. 517.
0100. 380. 00110000. 579. 00101. 433.
01001. 401. 0010 pl. 470. 001000. 531.
0100101101. 403. 001110. 533. 0011110. 519.
blome. 404. 0011000. 35, 430, 579. broad. 489.
0100000000. 397. boun. 471. 0000111. 535.
01000. 396. 00000. 376. 00001110 533.
0101. 389, 406. 0000001. 417. 0000100. 535.
blowfly. 405. 00001001. 983. 0000110. 503.
0100. 389. bower. 156, 556. 0000. 500.
0100000. 339. 0000300000οι0. 540. 0000100. 500.
0100 Am. 405. 0001. 443. brog. Ι500.

 

