1096

10000. 887. penu 01. 916. 01000. 666.

1011. 869. 000010. 199. 060010. 676.

100 . 916. 0101000. 416. 0100. . 884.

10 0100000. 609. 0101001010 769. ebear. 699.

101). 664. pig. 969. 0100000. 401.

lost. 869. pioeyes pl. 969. ship off. 46.

10000. 996. 0171000110. 996. 01600000. 967.

looby· 664. pink. 891. 0100010. 676.

look· 887. 01000010. 16. 01000110ςο pl. 878.

loom. 996. 0100000001. 16. 01001. 604.

lope- 916. pledge. 948. shower. 166.

1000000. 496. ploke. 816. 0100000. 884.

10001001. 494, 699. 00010006. 876. 0100000. 797, 964.

106000. 664. 00010οτ00. 119. 0600000010. 968.

1011100010. 664. polle. 708. 0000001006ογ. 797.

lum. 996. pony. 166. 01000011. 601.

luw- 766. poprinpeare. 94. nipe. 669.

00101010ορ. 480. 0160000111. 786.

lq 74. 00006. 889. alain part. 869.

mu 01016. 969. promise. 994. 0100600. 646.

make. 196, 887. 00010. 860. slent. 646.

mmow. 996. pudding. 719. slim. 644.

mat.. 799. slip. 896.

1118168. 668. 00011. 876, sq. 010 . 996.

0000600. 888. quat. 864. 0106600. 876.

00011. 864. 0000110. 876.

men. 911. 00010 01. 617. 00000110. 876.

mah. 499. rain. 869. 00010110. 876.

00106006. 808. 0000010. 966. 00010010. 646.

mouth. 689. 0006000. 89, 781. 0001010. 346.

0006000. 990. 000010. 748.

00006006. 96. 00060. 781. 00001. 964.

· 918. 0000001. 761. unite. 646.

876. 0001. 781. 0011. 808.

198. 00000. 164. sore. 866.

989. 001010. 617, 486. 0000000. 986.

49, 60. 0000. 780, 994. 00000. 616.

664. 00001. 994 01010. 191.

00001. 849. 0100010. 698.

118. 0001. 617. 0100100006. 917.

76. 0060100010 9. 01000. 668.

909. 016 . 899. 0100011006. 668.

914. 01660. 899. 01000. 669.

984. rig. 899. 01006610. 669.

916. 01010. 694. stride. 669.

94. 00001001. 964. 010110. 666, 461, 646.

. 866. rome. 964. 00010. 87.

000610000. 886. 00000010. 964. 0001100. 996.

0010. 866. 00001010. 964. 00000. 887.

00110000. 669. 00100. 646.
0000110001. 810. 00010. 644.

001. 14, 79. 00010000. 96. 1001. 864.

14, 79. 0011. 987. 1001010. 664.

sair. 000. take. 50, 001.

168. 00100. 866. 101100. 996.

887. 0016000. 89. 10010. 876.

0001. 999. 0000001061. 666. team. 189.

006610010οο. 149. 010ος. 676. 10000. 966.

 

