1666116.
6116666661.
61166666.
66661.
autrefois.
6666 6
babor .
6666661.
barat„
66661166.
bastard.
bnon-caet.
666666.
616.

6166
616166.
66116.
6663666.
bon-marchen
bord.
666661.
boue.
66116
666611166.
6666.
666666.
666666.
66661116.
666016666166.
bouquet.
boum.
bonnet.
6661.
66616.
bonta-feu.
6666161116
houton.

1036
7066666661161100611111106.

538. 6666666.
795. 66666.
354. 661366.
893. 661666.
633. 666666.
644. 666611166.
917. buron.
176. 6606666.
486. 666666.
179. 6666661661.
191. 66166.
14]. eliqua.
998. 666661.
387. (1) 6666.
400. 6666616.
639. 66616.
538. 66166166.
634. (1616.
666. (166661.
410. (16661.
461. deis.
565. (1666666.
931. (1166666.
989. digne.
418. (11666.
498. (16 6.
539. (16 6.
549. (166 6.
441. (166 6.
464. dupe.
565. (16666.
539. 6666666. 1
884. 6666666666.

491, 638. 666666616.
497. 666116.
538. filet.

469, 538. 61666666.

6666166. s 186. flumme.

6666166.

· 186. 1166166.

...—-..-..—- - --

485, 486. 16616166.
374. 16666666.

807.

966.

961, 456.
181.
766.
968.
660.
895.
648.
987. ·
817.
668.
409.
111.
199.
701.
966.
863.
781.
390.
894.
886.
994.
68.

698.
308.
917.
638.
860.
819.

819.

946.

116.

917.

699, 698.
763.

789.

667.

531. 1661166. ·

691. gara 6661.

500. goutte.

500. 6666661116.
556. 666 temps.
979. 66166.

861. 161166.

798. laquay.

849. 113666.

981. matrice.

945. 666666.

337. 6616666 (6116611.
639. 66666616.
817. 666666.

479. 661616.

638. 66611666.

886. 6666166.

886. 6666166666.
638. 66666.

44. 6666166.

58. (6666.

651. ruminet.

593. nio-sac.

697. 66611166.

545. 61616666.

747. 166.

731. tique.

945. 16661116.

678. 16611166.

009. trahit.

983. 1666611166.
357. 1616661.

968. 166666.

996. 1666666.

705.
186.
756.

66,

vilain.
villain.

VOCABULA HISPANIGA.

158.
441.
684.

666616.
66661666.
66166666.

—-——-————·
——-—..-..-.

570.

639. p'ico.
166116.
998.

 

