1087

1881ογ. 500. 108888. 709. nammis. 811.
tell. 880. 10888881. 864. 8888183888. 197.
10881. 040. 108880. 600. 888811. 707.
00881. 887. 8181. 598. 8888811888. 518.
108180. 641. tide. 848. 88188088. 440.
thare. 095. tire. 050. wax. 907.
80888. 018. to. 055. werp. 878.
trost. 877. 18018. 861. 881088. 818.
there. 081. 18881. 818. 80 pro hw. 580.
1088108888. 844, 668. 188888. 157. 8088088888. 888.
thick 888 thiu. 848. town. 866. 8011881888. 891.
thies. 850. 18888881. 781. 880888. 785.
things pl. 681. trapp. 866. widgeon. 075.
thirle. 780. 8888808. 758. wife 88. 108.
1088181188. 895. 188881. 783. 8111888. 880.
11818818. 704. 881818. 888. worship. 887.
thom. 595. trim. 597, 785. wry. 518.
thome. 798. trot. 59.

1088808188. 790. 1888881 788. yawl. 875.
108888. 595. trust. 748. yea. 87.
1088118. 781. 888. 599. year. 088.
108888. 786. tufi. 589. yenrn. 868, 885.
008111 786. 1888018. · 887. yelk. 878.
108188. 587, 758. turs. 158. 8888888810. 884.
1088888. 755, 8. 8880. 888. 88888881. 884.
throng. 751. 1880081811. 781. yep. 980.
108888. 755. 8888188888. 988.
1188888811 758. upon. 819. yet. 985.
1088808881. 598. 888180. 980. yolk. 70, 570.
808880 88. 884.

thumblioking. 588, 8818. 808. 8181808. 488.
8188888088. 798. writer. 878.

VOCABULA HOLLANDICA.

——-.

888. 87. 888. 101. 81088813.
ἓξ.. fig. 88 81188888. 1ἓὲ.ἓὲοςςο8
·. . 888 88. . open.
aarum 88 . 88. 8888888888. 880. 81818888.
880188.8 pl 855, 069. 8888888888. 904, 990. 811888.
88018818υεί8. 58. 8888888888. 984. 811.
88198818888. 56. 88888188. 898. 811888.
8818808888. 891. 88888. 180. 8118881888.
8818811818. 78, sq. 88888188. 086. unior.
881. 10. 8888888. 140. 818.
88188οο88. 086. 881. 0, 985. 811888.
88088888. 886. 8188888. 945. 8888801180.

 

