666.

666 16616.
66661616.
6661616666.
66616116..
6666666666.
6666666616.
66666666.
666616666.
6666111616.
666116666116.
66666616.
6616616661.
6616661.
66666611.
6666616616.
om.

. 6666 wat

6661666.
66616661.
661166.
666.
661111.

661.
66666616.
666661.
6661666.
6661666.
oerjorg.
666111.
666116.
66611666.

, 66616666.
6666666116.
6666166666.

666.
61.

of· U. pro as-. 31, sqq. pai.

61616 V.
oft.
okkerdeis.
olger.

olie.

om.
66616160.
ome.
om·ind·by.
omke.
6616616666.
66166616.
66666666.
6666161166.
61616161.

6616666.
6666666161.

79, 306, sp. peauke. 836.

1016

37, 903. 66666666616 Bor. 815. 61616
130. 6661110666. 346. 616666.
617. 6661661. 66. 61661.
379. 66161666. 363. 6166116.
83. 66107, 133, 319, 858. 61666116
38. 666166 307. 6166616.
303. 6666666116. 446. 616616.

333, 603. 6666666116. 463. plenta.

13, 838. 66661666. 781. 6116666.
936. 6661616. 617. ploakje.
818. 6666116. 346. 61661666.
583. 6666666. 365. 6161166.
133.Ι 6666616. 103. plokherje.
834. ophelbraege. 737. 616861.
894. 6666116.

333, 894. 66-16. 184. 666116.
183. 66166661 30,134. 6661166111161.
901. 66-166-61. 30,134. 6666111166.

469, 770. opjeye. 163. 6666616666.
770. 66616666. 968. 666661.

6. 6666666. 733. 6661666666.
7. opquikke. 54. 66666666.
946. 666666. 66. 66666 666 6.
133. 6661666. 118. 666661666.
388. 66661661. 136, 666. 6666611111166.
347, 637. 66666116. 343. 661
133. 6666166666] V. 839. 66116.
133. 66611166. 353. 661.
717. 66611116.
946. 661616Ιῂ6. 366.
967. 6661.
368. 666661166. 835.
1001. orm. 306. pola.
803. 61166. 139, 346. pompe.

6616611616.

- 133. 66 tramit 16 oi 6 oy. 879. 6666666166.

60. oxe.
13. 6616.

130. 6661661.
873. popel.
851. 666616.
861. 66666.
834. 666666666.
633. 6616661661. 646. 6666616616.
937. 6661661. 607. 6666666106.
671. 66666. 601. 6661.
95. par. 370. prik.
174. part. 646. 661116.
986. 6666. 634. 661666.
818, 903. 661666.
6661166.

46. 6611666.
13. 6616.

868. 6661.

90. 66611 U. 466. prus.
611· 3111.. 4871111 3111117·
66 11667 614, 666, 666. {poppa
96. 61166 U.
708. 61616661. 831. 661.
909. 616116. 831. pule.
946. 6166666166. 16. pun.
637. 6166166661. 16. 66666 V.
988. pisig. 377. 666616.

16.

664.

733.

733.

978.

853.

977.

396, 669.
406.

316, 398.
406.

43.

367.

637.

833. 66616. 443, 446, 608.

708.
894.
79.
336.
160.
416.
867.
966.
163.
873.
438, 608.

466, 666.

607.

318. 66166166 pl. U. 340.

603.

184. 6616661666 pc. 113, 340,

603.
764.

616, 661.

980.

308.

143, 441.
356.

416, 701.
183.

403.

889.

486.

770.

614.
131.
748.
406.
447.
447.
646.
418, sq.

664. 6666. 638, 713, 783.

143.
714, 833.
793.
889.
376.

66

 

