1533
515155. 390. 55555. 175, 318. 5515555. 509,
515555. 390. 5555. 453. 5515555555. 519.
5151155. 388. 555515. 458. 5511. 514.
51151. 391. 5555551551. 453. 551115. 519.
5115155. 393. booten. 580. 555555. 533.
5111155. 393. 555155. 458. 5555555. 533.
51555. 377. 5555551. 451. 5555555. 558.
51555. 377, 399. 55555155. 453. 55555551155151. 533.
515555555. 397. 55555. 453. 55551. 438, sqq.
bloeyen. 377. bornen. 415. 5555155 55. 440. 539.
5151555. 378, 495, 580. 55551135. 413. 555555. 505.
51515155. 405. 55515155. 413, 431. 55555555. ’ 508.
555551. 143, 549. 55555. 305. 55515. 498.
5555551. 417. 5551515. 430. brumen. 471.
5555155. 418. 55555 453, 455. 555155. 533.
555155. 439. 5515555515 441. 515155. 535.
5551555555. 438. 5515515555. 573. bruya. 535.
555555. 579. 55155551. 574. b'’n. 505.
555555155. 417. 5515555555. 573. 55 55155. · 417.
5555151555. 433. 551555. 580. 555155. 579.
55555. 431. 55115. 470, 538, 548. 5555. 555.
555551. 431. 551155. 455, 470, 538. 551. 535.
55555. 151. 5551. 473. 5511. 549.
5551. 543. 5551555555. 478. 551155. 538.
5551555555. 433. 5551355155. 473. 5515. 311.
5551. 444. bouw. 470. 551555555. 550.
555555. 581. 555555155. 533. 5511555555. 191.
555555. 374. 5551555555. 484. 5511555555115. 559.
5555555. 413. 555555. 534. 5511551551. 191.
555555. 559. 55555. 534. 551515. 173, 550.
555155. 437. 5555555. 533. 551155. 173.
555155. 458. 55551. 374. 55111. 550.
5551555. 437. 55515. 504. 55115551. 448.
55515155. 437. brom. 539. 5511515555. 449.
55555τί15. 903. 55555. 186. 5511555535. 450.
551. 438. 5555555. 484. 555551. 405.
551155. 438. 5555551555. 188. 555555. 303.
hogen. 155. 5555555555. 484. 55555. 551.
boghel. 540. 5555511555. 484. 55555. 453, 455.
551. 435. 55551. 135. 55115. 458.
55115. 431. 5555. 485. 551555. 378, 405, 530.
551. 438. 555555551551. 485. 55115 538.
55555555. 473. 5555555. 485. 5555. 543.
55155555. 444. 555515. 483. 55155. 537.
551155555. 448. 5555555. 533. 551551. 539.
551155. · 445, 5555555. 533. 5515. 543.
5515551. 158. 5555. 485. 551555. 375.
homme. 454. breed. 490. 5515155. 558.
55555555. 303, 454. 55555555. 531. 5511551155. 570.
55535. 454. 555155. 970. 51155551. 351.
555151. 553. 5555551. 505. 51115555. 390.
55555. 333, 551. 5555555. 514. 51555555 314.
5555. 300. 5555555. 531. 511555. « 337.
55555511551551. 307. 55555555. 514. 511551155. - 335.
(15 55155555 5115. 308. 5555551135. 514. 5111. 355.

555551155. 408. 5515551. 533. 51155535. 983.
5555155155. 408. 551515. 513. 51155555. 373.
5555115. 408. 551555 · 530.

 

