1991

88. 1111111111. 999. 1111111.
11· 111111 11·
. . . 1 .
86. 111111. 999. 1111111.
. 391. bnrrowhog. 149. 111911.
1111111. 894. 1111. 194. 11111111.
11. 919. 1111111. 189. 111111.
1191111. 484. 1111 199. bont.
1111. 914. 11111 191. 1111111 pl.
1111111111. 199. (in) 11111. 199. 111111.
’ 919. 11111. 194. 11111111.
191. 111111. 991. bomine.
' 991. 11111 pl. 447. 111111.
97. bow. 999. berny.
194. 11119. 471. bero.
ιρρΙοςηΡὲο· 199, 999. lm. 491919. mage
111111. 119. bnxup. 919. 111111.
arm. 891. 11. 141, 499. 1111111111.
11119. 99. verbio be·. 911. 11 .
11111119. 899. book. 919. 1111191.

111111. 14. 111111. 979. 111111111.
. 939. 1111. 949. 1111111111.

999. bean. 991. 1111111111.
884. 1111111111. 997. 1119.
99 heard. 319. bezet.
99. 11111111 1199111. 979. 11111111.
99. 1111111119. 979. beside.
817. 1111111. 999. 11111111.
bed. 188. 1111111111.
999. 11991. 919. 11111111.
419. 119111. 949. 1111111111.
baberluppod. 419. bedrabylyd. 949. 11119111.
11111111191 pl. 419. bedrop. 949. besmudgo.
1111. 198, 919. 11911119. 198. 1111111.
bacha 918. 119113. 949. 111111.
1111311112 919. beel. 999, 999, 999. 1111111111.
1111111191. 919. 111191. 949. 1111111111.

1111111111. 169. beer. 19. 1111111.
119. 997. boetio. 919, 397. 1111111.
bag e. 999. beffing. 379. 111111.
1111ζὲ 198. befight. 998. boepoul.
bwpipe. 993, 798. 1131111. 994. boeproke.
1111. 919. 11111111. 998. 11111111.
1111. 194 1 111. 997. 1111111.
1111913819. 194. 1111111. 979. 11111191.
1111. 169, sq. bohung. 979. (go) 111.
111111. 179. 1111111. 977. 1111.

halka pl. 447 belappe. 989. 1111111.
ban& 399, 997. 1111111. 997. 11111111.
handel. 894. beleb. 179, 497. 1111111119.
1119111. 899. 111111. 989, 999. 1111111.
11191331. 994. 1111111191. 999. 111111.
11111. 319. 1111911111. 999. 111111.

hanff. 179. 1111111111. 999. 1111111111.
1119. 417. bellov. 949. 1111111119.
1111. 999. 1111111117. 999. 1111111.
barlay. 178. 1111119. 894. bever.

 

