1007

515555. 377. 55115551515. 441, 588. 55155555. 484.
515115. 293. 55115115155151555. 956. 55111. 519.
515515. 460. 5515155. 443. 5511155555. 510.
51551551. 770. 55151115555151. 441. 5555515115. 500, 523.
51551. 334, 653. 5511515. 440. 5555151. 033.
5155. 405. bon. 804. 55555155. 510.
515515. 391. 55585. 552. 555551. 59. 510.
5151. 77, 378. 555551. 310. 555515. 504.
5155. 335, 388. -55515 252. 555515. 510.
515115515. 384. 55515. 300, 553. 55515551. 722.
5155 U. 377. 55515115. 554. 55515555. 7.
51155. 378, 800. 555155 plur. 718. 5551. 488.
511555. 383. 5551155. 252. bromme. 514.
5111351. 388. 5551155515 718. broye. 510.
51115555. 293. bont. 555. 555551. 510.
555. 555, 555. bontje 005. 555. 5555515 121. ⁶³⁰·
5115555. 290, 748. 55555. 203, 704. 5551515151055. 492.
51155. 200. 5555115 U. 457. 55111. 430. 5²4·
blixkater. 070. boppe. 55, 312. 55515. 510.
5155555555. 851. 5555518555. 225, 720. 55511511. 494.

5155. 885. borgo. 450. 55515. 34, 487, 508.
17517· 111· 101777· 111· 175.. 111·
55155] 555 5551551... 555 55155] 555
me. 540, sq. 555115. 413. 5555. 540.

442. 555. 440. 51111515 U. 418.
55515. 441, 478. 555555. 440. 55551. 357. 040·
555115. 443. 5515. 548. 55551155. 251.
55555155. 424. 55155515. 770. 50 ’5. 010.
555555. 130. 55115. 553. 55515055. 422.
555555. 210. 555. 530. 5515 U. 211.
homst. 508. 5555. 304. 5515511155. 201.
5555551515 plur. 693. 55555. 198. 551. 538.
5555. 555, 555. boxelje. 55. buldorje. 555.
55515511). 420. 55555555. 172. 5515. 219.
55555555. 480. 55 em. 579. 55115. 530.
5555555555 V. 417. 551. 500. 5515555515. 539.
555551. 555. 55555, 555. 55555. 145194.
bocht. 142. 5555555555. 492. 5511. 309, 443, 450, 548.
bod. 22194. 55551. 504, 970. 5555151. 454.
5551515115. 583. 55515. 504. 555151. 811.
555115. 193. 5515. 72,180. bum. 538, 542.
5551155. 539. 55555155. 404. 55555155. 552.
5551. 542. 5555551151. 511. 555551. 424.
55515. 431. 5555555551. 485. 5555555505.552,500,788.
555151. 850. 5555. 442, 478. 555155 V. , 452.
555115. 570. 5555151. 470, 850. 5055510. 500.
boel. 422. 555455555555. 510. 5551515. 440.
5555. 173, 460, 550, 557. 555551. 489. 51155555. 430.
boestge. 414. 555115. 203, 501. 551. 350·
55515. 540. 5555551155. 529. 55151555. 539.
551. 542. 5555155515. 486. 5515115. 513.
5515. 547. 5551. 500. 55155. 55, 312, 983.
551. 442. 5555 5. 84. 55155 weston. 588.
55105515. ’173, 551 5. 400, 521. 5515551155. 313.
55115. 173, 408, 451. 5511. 505. 551555. 313.
55115. 553. 5511. 522. 511115. 427.
55115. 548. 55111511. 494. 5111515. 427.

51

 

