1811

88881. 138, 158, 387. 888888 8888. 588. 888118. 185.
8811188. 59. 88888118. 138, 884. 8888. 138, 148.
88318181. 395 8838. 3318118118. 878,881.

. 884. bi. 873. 8811838881. 545.
831818. 548, 887. 81818138. 871. 881. 887.

88181888, 388. hiem.J 513, 865. 8818188188. 551.
8818. 888, 383. 8188888338. 875. 88118. 558.
1818. 788. 8188888888. 867. 8881888188, 188.
818. 138 81818378. 888188888888. 835.
81888118. 31. 81118. 888. 8881. 737.
81888138. 548. billa. 884. 88881818. 878, 881.
8888881838 548. himd. 388. 8888188888. 338.
8188881188. 889. 818338. 888. 8888138. 586.
88881188, 8.71 81888831. 387. hup. 883, 385.
88888888. 173. 818883888. 861. 88881. 881.
8888881. 473, 81881. 875. 888. 874.
8188138138. bird. 383. 88818. 389, 949.
88883811. 474. 8188118888. 889. 888138. 587.
88888138 546. 8188188118. 13. 888181. 711.
88838181. 588. 8188181888. 883. human. 475, 558.
8888888. 535. 8188188888. 485. 8888181. 836.
88383811. 588. 83811. 785. 88888881. 991.
88818. 871. 838888. 848, 887. 888. 858.
888138. 817. 831118. 754. 888818. 817.
8888138888. 538. 83811. 784. 88881. 858.
8888188. 639. 83881. 838, 634. 888188. 438.
88883). 913. 8388818. 187. 881188888- 478.
888138. 841. 813838. 8. 8811888. 918.

88888. 788. 8881. 385. 8888138888. 838.
88888. 887. 8888888888. 78. 8831, 398, 878.

8838. 788, 818, 878. 8888888 plur 588. 88313 1181. 38.
88888-18818888. 111. houm. 851. 88311183. 335.
888. 318. 88888888. 851. 8318. 834.
. 8888818888. 458. 8888888888. 463. 831138. 414.
888118. hoarnwiif 483. 838838. 987.
8881. 81, 863. 8881. 588. 83818. 554.
88818 838, 338 88888138 883. 8388188888. 387.
8881811188. 338. 881. 888. 83881. 338.
88888. 81.7 881 pron. 898, 838818818188. 771.

8888. 788. 88138. 888. 838888. 78, 874, 883.
88881. 844. 881 88 prm 898.

8888113. 139 88113 Ἆρ’ 781 i. 896.

8881188181. 87. 8811888138 448. 1838881ίί81 in i 0. B. 381.
8888881088. 4.73 888. 588. 181 Β. ’ 813.

beer. 1003. 8883θέ - 451. 188. 843, 888.

881118. 884. 888
88188. 874,873.88888381. 133181 11, 886, 8'96.
heiling. 813. 888883188188 697 1818188888 V. 88.
8818111. 878783888881818881. 747181811181. 751,

8811. 88888 388818 688. 1811818. 467.
88118. 885. 3888881883). 888, 1888. 788.

881 V. 78 8888818388ρ 31. 897. iem. 986.

881. 188. 8888181138. 958, 188. 1, 181, 896, 989.
holm. 381, 374. 8881888888. 871. 188888. 985.

8888811888. 884. 861881 841. 1888. 914.

herde. 185. 88138. 58818388 897, 313.
888818181. 818. 8888. 451, 871, 897, 986. 18888881. 11, 845.

herne. 3. ’8881. 488, 317. 1888818813. 18818388.

388 ie„ 1, 8.

 

