pus. 567.
4441. 316.
444144. 699.

· puts. 430.

pyk. 499, 880, 959.
pylstirt. 873.
pyltjilling. 874.
pyptjilling. 878.

4446444441. 443, 945.
444114. 3.
4444444114. 579.
quea'. 335, 747, 664.
quenda. 698.
quone. 585.

4 ante d eliditur. 801.
rante 4 omittitur. 143.
44514. 817.
444414 188, 585.
99 ’ 1111
ruem. 411, 606.
441. 608, 611.
ram. 639.
4444444144. 411.
4444444114.
44444145. 49.
44444444.
rupe. 317.

48, 965. 41444 pl.
414451. 893. 4414141.

710. 4441.

1018

45541114444441. 718. 4444114.
41554441. 418. 4411441 U.
rich. 668. 4644445.
4164. 196, 689, 877, 889. 444444.
41641. 398. 444441.
4164414. 579. 4441141.
414. 700. 4444.
41464. 867. 44441.
4144. 188, 991. 4444114
rige. 818. 44444.
4144454164. 715. 4444454444.
41144446. ἓὲξ. 4441ῗί4.
44. . 444 n.
41114. 511, 848. 44444.Β
411111. 945. 44444.
4144441. 585. 44444.
4144444. 819. werp.
41444. 44, 949, 394, 898, 4444141641.
785. 4441141446.
414444. 134. 4441144 part.
sspe. 444 111 :ffliheeln V.
41444. ’3941 4414411111144.
4114145. 589. 4411.
41445114. 44. 441114
1.. 91· ’11
. . 444 444.
887, 598. 44144.

144. 4414444.
4441. 89. 4444.

4444. 394. tuuf. 844. 44144.

911· 111914.

75. 4464144414.
689. rog
389. 44114.
138. 441144 pl.
444. 996. 4444444114.
95. 4444414441.
698. 444414. ,
817. ruppe. 895,883, 675. 4444644.

7. 4444441141.

44464 541.
44464 141.
4441114644.
44 ’4.

444144444.
44414141.
444444.
4444444141.
4444454441.

4441. 898.
reid. 193, 585.
4416644444. 618, 799.

44114. 869. 44 ’4.

4414. 869.
44144. 983.
441. 608.

44114. 849. 446451.

4444444144.
reppe.
reontuje.

we. 444

9. τορΕ145.
4444. 348. ruo .

585. 4411444541.

704. 4441444.
141, 440. 444441.
4. 80. 4444414141.
144. 4441454441.
544. 44444.
964. 4444114.
964. 4444114.
689. 4441.

089. 444464414.
689. 444444.
887. 4444444.
rude. 878. 4444 4.
44144. 404. 4444144.

444544444. 468. 44116.

444. 134, 404, 945. 4444444.
4111. 406. 4411444.
444145. 150, 639. 4411114.
877, 689. 44111141 U.
906. 44411144.

678.
719.
659.
398.
898.
615.

444, 444.
444, 444.

949.
899.
477.
489.
771.
330.
495.
830.
349.
790.
995.
998.
414.

444, 444.

87

444, 444.

389.

144, 444.

799.
999.
989.
987.
579.
955.
198.
489.
700.
483.
198.
491.
554.
879.

444, 444.

188.
138.

1, 444.
· 144.

884.
959.
878.

468. 444164414. 470, 579, 774.

818.
813.

1900.

879.
878.

983. 4441 876, 885, 889, 989.

444144 ’414

4446. 565. 4446 44.

44411. 645. 4441.

851.
874.
818.

 

