1017

nem. 817. 8118787. , 787. speia part. 888.
noer. 885. slingerje.' 880. aperte. 171.
8881187171 V. 854. 81171878 pc. 788. 877187. 148, 908, 971.
8877778. 588, 868. 817778. 189, 504, 996. 877788. 911.
ff 787111. ἶ111ῗ”“ 171. 3111877778 11ἶῖ
871. 17111711· ...18 818. 111
8877. 4. slobberdoes. 875. 8778777871. 158.
88751118. 187. 818558778. 841, 878. 877887. 847.
77· 77. 7· 7 77
. . . 78. . 8777 878. .
8. 11111387· ...177’1131117171
777118. fik 387, 7713. 878778. gg. 8777778877. 947.
888177. 877 7381. 887. :tals 111.
nied. 854. 81778. 1000. 81818. 787.
878718. 588. 8177778. 996. 81878778. 710.

⁹23: 11118.. 871 1111· 3111
8778888778. 898. 8787718788. 858. 87877778. 919.
87778. 474, 691, 87. 87878187. 845. 81888. ι 399.
'W' 18878 1111188 878 111 :22:15⁶ ἠ’ Μ’ 117
silo. 778, 878, 787 888187. ’878 887. ' 878
(to) 81771. 741. 8778171778. 845. stedlju’. 188.
8777177771. 9. 878118. 180, 888, 767. 8788818878. 557.
878.. 77 111 81ἓὲ· 77811· 51731111
817781. 65. 818818. 148. 878118 V. 889.
8788118881. 8977. 87788777. 187, 685, 897. 81811187 V. 899.
79777 88 777· 77 787... 81
111 ...177 81117 1778878... 117
8777778178. 489, 613. 88118518171877771. 474. 8111781. 865.
871178. 841, 585. 8811877771. 898. 8171781785. · 419.
781.. 1118111· 17 817· 88
87 77· 77· 77· 877
885..Ι 9981 88178878. ⁶35] 8171815878. ’857
31119 ’ 171. 1318788. 87, 7881717, :3232 98111.
818871177811. 157. 890. 8171888811887. 109.
88... 818777 ..7 817· 17
slent. 878, 787, 888. saone. 888. 8881.. 888.

8188187781. 854. 8877. 988. stoa 8. 879.
818877. 417. 887 ’8. 17. 818518. 1000.
81887). 785. 8878. 989. 8188778. 451.
81887778. 795. 8887778. 888. 8188785811877771. 899.
8188788888. 998. 87877881. 148. utokmantsje. 17].

8115. 998. 87781 . 981. 81881. 118.
diepa. 348. span. 848. stom. 488.
8187188718. 84, 891. spat. 463: 8187777). 466, 710.
8087188818. 919.4 8778777187. 981. 81877881. 898.

rx-

 

