1010

flur, 895. 15115155. 803. 887., 836.
fiuntd. 886. 15115511. 666. gea. 818.
1515511551. 6. 15111551 511. 710. 3555. 389, 808.
1151. 993. 1511515115. 594. 3555151151. 805.
11511551008. (15) 1515. 855. 3551555855. 886.
11111. 787. (155) 15155. 18 3551515511 343.
1111151. 644 151115515 879. g.edoch 809.
111115151115. 4781511151115. 879. 35155515. 880.
11111151. 574, 644. 15111555. 8813511531. 771.
1155115. 8581511551 977. 35181151. · 698.
851.771.1515151515.86. 3511. 468.
flach. 998. 1511151181. 881. 3511511335. 149.
11515155. 180. 1515115. 863. 355155. 498.
8511115515. 787, 977. 15151555. 348. 35555311. 917..
6511151555. 819. 151511115. 338. 351115. 173, 678.
fierden. 387, 756. 151555. 50. 35551. 914.
flaute. 3511511115. 595.3.551511 914.
15555. 819. 15111151. 89, 597. 3151. 676.
351. 788. 15155115 378. ginne. 853.
11551151. 904. fot. 955 31511.385,883.
3551515511 U. 734. 15155. 956. 3151111. 188.
11115. 575. 115511. 730. 3151151. 683.
flio. 818. 1155315. 87. 3551551. 136.
3151. 630. 1155511. 797. 35115111. 494.
81511555. 849, 908. fred. 635. goed. 155.
31515. 188. 11555. 17. 35511155. 463.
311555. 688. 11155. 78. 35511551. 665.
115115. 175. 1115. 968. 35555511. ’137.
115115. 783. 1115151. 594. 3555 dei’. . 137.
111151. 818. from. 918. 35535555551. 138.
35511153. 640. 1155111155. 755. 355551. 730.
dut. 734. 1155515555. 755. 3551511 1151. 79.
. 1551. ’ 8391115. 414. 35555. 770.
15515. 888. 15 351511. 987 3555551. 405.
1551551115. 888. 1535111511. 387. 31551. 648, 818.
soar. 8581111. 6783151115 945.
15111155. 308. 15511113. 851. 31511185. 475.
15511515. 638. 15135. 9833151151. 890.
1551155555115. 859. 15115. 95531511515517. 858.
15511151. 57. furring. 955. 31551. 918.
15111111. 57. sust. 138. 31155 930.
15515. 378. 1551115. 138. 31151055. 945.
1551555. 18. 15515. 384. 31151551. ’ 851.
15511115. 860. 11115. 981. 31551. 647.
1551555155. 638. syndoekspoep. 988. 315515. 944.
1551135155. 460. 11555. 683. 315555. 868.
151155. 861. 1115151515. 180. 31515. 464.
1551. 887. 1151. 3913111515. 873.
1551. 138, 655. 1111 73, 108. 31511555. 918.
15515115. 138, 554. gy fugel. 873.
161, 639. 3555151551.630.3151. 141.
15111. 940. 35515. 8584 475 gulp. 586.
15115. 35. guest. 37. 35511661.
1551155115. 364. 35551. 199, 861. 35551. 111.
15515151. 1883111151. 859. 311. 665.
155. 89, 34, 53, 874, 994. 3511151 470.
15181815. 89. 35111. 376. 1 fit q. 858.
15115115. 447. 351. 88, 83, 73684, h. 584.

 

