’ 66666. 158, 666, 464, 46

1066

brugiae 600. l 6666. 611, 605. cover. 669.

666161. 668.ἰ 66666.
666166. 970. Ι 6661Α66.
brood. 509, oq. 1 66616666.
66616. 5661Ι busy.

464. orave. 684.
416. 66666. 668.

98

568. 666666. .
641. 66666. 000.

6661661. 461. j 661. 88, 616, 679. 666. 881.

6661666666. 666. Ι 1661666666.
666116. 616. butt.
6666661. 661. 66066666.
6666. 561. 66116666.
66666666. 666. 6611666616.
666. 440, 647. 6666666666.
666. 417. 6611666661.
babber. 417. 6611666616.
666616. 417, 640. 6666666666.
66666. 417. 6611666116.
6661. 465, 646. 6611666.
6661 buck. 464. 6606.
666161. 546. 666.
6661661661. 466. 666666.
6661666661. 467. 666.

616. 6666666. 686.
568. 666616. 676.
676. 666166. 670.
676. 66666. 668.
566. 66066661. 667.
576. 666. 660.
576. 666616. 109, 679, 686.
575. 666166. 696, 611.
576. 666. 606.
677. dag. 610.
466. 6666. 606.
440. 6 6. 676.
540. daie. 610.
546. 6616616. 610.

66666. 681. bun. 667, 581. daia. 668.

666616 669. 66.
66666. 466. 66166.
66666. 668. 6666666.
666661. 568. 66666666.
666. 667.

66161. 646. 6666.
661666. 549. 66166.
bule. 176, 456, 650. 66 6616166ᾱί166.
6611661666. 546. 6666).
66116666. 446. 66666666.
66116617. 449. 66666.

666. 661666. 766.
696. 66666666. 011.
614. dale. 011.
649. 6616. 006.

dam. 007. sq·
868. dum 6. 616, 614,
877. 666066. 666.
640. 666616. 010. 676.
647. (1666. 606.
647. 666166. 000.
665. dant. 606.

6611666. 548. 666666. 479, 677. 666666. 664.

661166. 646. 6666666.

6611666. 448. 6666.

6611666616. 446. obiso.

buman. 681. 66116.

66666. 464. child 65.

666. 661,666,6. 661666.
7. 66666666666166.

666616. 168, 605. 6666166661661.

6666. 464. 6166.

666616. 610. elaver.

6666. 556. 6166.

66666. . 553. olomuc.

bunt. 651, sq. club.

bunter. 555. 61666666 pl.

6661766. 566. j 6166666.

6666. 588, 546. ¹ 666616.

bur. 656, 666. 66666.

6666. 508. 666616.

66666666. 469. 666.

6666666666. 465. coep.

bury. 9647 eope.

6666. 666. ’ 6666661661.

6666 605, 464, 568. 6666.

666661. 464. 666616.

786. dare. 615, sq.
58. (1661. 18.
849. darn. 717.
180. daretis. 747.
186. 6666. 761.
659. daed. 796.
446. 0666. 618.
406. (16666666. 791.
677. 666666. 766.
678. 666616. 660.
679. 666. 609, 630, 666.
681. 666166. 666.
664. 66666666. 666.
786. 66666616. 666.
681. 6666666. 667.
964. 666616. 791.
996. 6666. 667.
877. 66666666. 668.
876. 666616. 667.
881. 666666). 691.
666. 6666166161. 491.
996. dens. 619, 694.
579. 6661. 666.
58. 66616666. 690.

 

