1039

00010161001. 594. 1111011101. 3, 105, 915. 161016.

nore. 666. 6000101010.
110110. 666. 11000011.
11010. 767. 6000.
“ Doyem. 486, 846. 6110.
lloyemmerbilrren. 560. 6010.
111011. 730. 16000110.
1100110. 767. 6110.
11000.

2. 11111.

3. Ε(0)110.

8. 611.
g . 66. l 1111011116.
Bag . 66. i 6111101.
Rugum. 485.!
6110. 860. i 11810.
61110. 86. “ 1111100.
61100. 94. 110111.
. 61111. 827. 11010.
6110001160. 391, 853. 600110.
Euge. 193, 931, 967. 1101001101.
6101011100. , 73. 1101000111.
660. 899. 11110130.
660011. 485. 872. 1111011101ρο0.
Eleus. 846. 60110. .
6601111011. 851. 1011011.
66001. 178, 827. Folle.
66101 V. 846. Folle 01.
lldighum. 846. 1111001101.
116111. 822. 11110100.
66001. 128. 11110180.
mage. 822.
116111. 845. 01.
6610161. 16. (101).
6610116. 10. (1011601.
60611111. 877. (1016161.
60110. 136. (1101111.
60110. 898. (1101111.
. 88, 908.
Egging. 869. 111010.
Egle. 13. 1101001106.
616011. 863. 110106011.
6110. 899. 110001016.
1111011. 898. 110100.
6100. 962. 6161016.
610101. 850. 111660.
61110000. 899. 6111016.
61110101. 973. 111110.
61611011. 16. 1111161110ρο0..
610. 898. 1106110.
111001. 83. Ηο10101.
61110. 894. 601ος100.
6110. 83, 86, 899. 110110.
6110001011. 898. 1101111101.
6110. 827. 110110.
6101031. 904. Hyele.
Endon or. 7, 811.

6110011111. . 104. 1601.

llll.

101. 1600161.

108, 917. Ie.

106. 1060.
917. 1060100.
919. 10011110.
919. ² Igle.

11, 1111100.

967. l 10001.
128. 1 100.

136, 946. 5 110.

136. 11000.

9661

962. 1110
1111010.

969. 111111 601.

969, 984. lappe.

999. 11110.
969. 100 .
984. i 10110.
411. ι 10110.
411. Ξ 1010101.
767. ᾗ 10110.
7861 Jeppe.
968. Ξ 10110.
9661 1110110.

, 968. ’ 111101.

9681100.
8171101.
916.ζ 10011011.
915. j 10111101.
1011111111
900.
900. (111111.
144. 6101011οῃ
74. Kampe.
703. 1106110110.
-1011111,
460. 6011001.
987.
407. land.
153. 1061110.
143. 1011016011.
819. 11001010.
900.Ι Ljimme.
319. 10110.
148. 110110.
716. 10110101.
900. 11011010.
407. lond V.
467. 1110106011
900. 1101000160.
768. 6011016100.
768. 61110.

, 900. 1101110160.

3. 111111110οζ1..

011, 011.
10.
111.
101, 111.
4850
011.
10, 110.
001.
101, 011.
110.
100.
111, 100.

900.
900.
973.

- 919.

919.
919.
894.
898.
898.
904.
919.
919.
· 870.
937.
919.
900.
768.
919.
919.
900.

900.
211.
311.
711.
703.
900.

916.
143.
319.
143.
143.
703.
977.
486.
486.
916.
319.
836.
703.

703.
Q.

‘Q
§Q

 

