1006

04414141. 163. 04441141. 67, 811, 857, sq. bild. 292.
0441 V. 407. 041104111. 375. 01144414. 293.
0144144441. 894. bern. 180. bilegerd. . 261.
0441. 155,192. 0411441141. 316. 0114141114. 291.
0441. 192. beppe. 894. 01141144. 294.

0441411. 219. 041114. 459. 01111114. 261.
bugge. 159. 0444411444 Oce. 828. bilutsen. 298.
04114114. 158. 04441164. 346. 0144111114. 314.
04114. 429. 04414. 191. 0144444. 314.
bak. 216. 0441411011411. 348. 014444. 56, 311.
0414. 545. 041. 155. 014444141141. 569.
04114. 215. 04114464. 363. 0144444641. 570.
041141. 219. betto. 146. 0141 · 554.
041. 442. 041141. 155. 0111414114. 317.
041041041114. 173. 0411141. 387. 0111141144. 316.
04140. 292. 044141 850. 0114114. 322.
041114. 173. 044141. ,429. 01141. 323.
balta. 293. 0444. 641. 0111114. 317.
0411104144 oron. 174. 04414 U. 198. 0111114. 287.
ban. 303. 0444140. 341. biroppe. 333.
01111. 17. 0411114114. 370. 0144441. 331.
014140. · 408. 0444444441. 665. 01444414. 331.
0441. 197, 455. 0444444411. 665. 0144414. 329.
04444. 554. 0441114. 201. 01444111, 331.
0441414. 304, 307. 01411104. 0144414. 337.
041. 199. 01444414. 941. ι01441144. 339.
0414. 623. 0104114. 299. 0141114. 311.
01114041. 13. bidde. 27. 014114. 259.
0411444114. 711. 0111411. ¹ 244. 01414114. 343.
041144 plur. 149. 0144411. 791. 0144414101. 364.
04144. 554, 565. 0111441144. 243. 01414414. 123.
0441. 482. bidompt. 636. 0144141. 341.
04414111. 191. 01644114. 248. bist. 674.
bate. 154. 0161114414. 800. 01411114. 284.
041111. 327. 0144004114. . 246. 011444414. 361.
04444. 470. bidruye. 247. 0004414114. 592.
0444414114. 193. 014114. 26. 0111114146. 592.
04411101. 0141. 236. 011140114. 365.
044. 242. 01414. 146. 0111111. 337, 922.
044 e. ’ 640. 01144441. 260, 321. 0114444114. 367.
044140. 446. 01114114. 278. 01114114. 246.
0444. 429. 0111444. 984. 0114111114. 594.
mm, Ι 349. 011144114. 290. 01141444.. 364.
0444 vid. 0444. 01116114. 264. 011141. 627.
04444114. 240. 0114114114. 269. 01141414. , 312.
0461111111. 247. 010441. 273. 0111114. 193.
beffa. 556. 010441111 U. 271. 0144114. 341.
40411114114. 233. 01114. 546, sq. 014144. 173.
0414111. 270. 011141. 278. 01441111. ,201.
041. 1611212. 0111441614. 278. 0141114114. 173.
041. 546. 01111444. 289. 0114 vide 0144.

0411414. 279. biknippe. 329. 011414014114. 424.
11411114. 340. 01114444. 351. 01141. 221.
0414114114. 294. 01114614. 284. 01141414144. 554.
0414411114. 287. 0114114. 285. 01111. 564.
0414444. 287. 0114411414. 286. 011114404441. 849.
04141444 Oce. 298. 0114444. 573. 014444. 255.
0444114411. 308. 0110141. 105. 0144. 1179.

 

