1034

65553. 880. 656355. 691. 655551. 760.
deep. 677. dog. 671, 697. dream. 754.
6515. 638. 6531551. 733. 6555. 734.
651. 666, 060. 6535115355. 697. 65555155. 753, 754.
6511. 881. 6511. 770. (1553551. 735.
6511. 643. 6515. 703. 6551315. 754.
651. 715. 65165555 pl. 705. 6555515. 799, 743.
6551. 958. 6515. 645. 6555355 pl. 738.
denunt. ’ 696. 651551555. 645. 655515. 747.
6551. 609. 6511. 708. 65553. 751.
depth. 677. 65155. 881. drewsens. 751.
dere. 647, 784. dominic. 708. 6511). 785, 745.
6555. 717. domme. 776. 6515515. 735.
desperate. 637. 65555551. 613. ’6515151 745.
6555556. 637. dompe. 777. dristway. 750.
6555555551. 673, 701. 655551. 696. 65155015. 731.
65555. 670. 6551. 708, 775. 65155551. 731.
65515. 666, 669. 65555551. 687. 651515 1505555. 743.
65511. 666. 6555. 679, 719, 66511531555. 740.
65511556 511. 667. doppe. 716. (15151135. 741.
65565151. 734. dopper. · 611. 6515155551. 741.
6515155. 610, 734. 6555555 pl. 679. drinkpenny. 741.
6555555555. 733. 655. 647. 651551. 753.
615155. · 670. 6555. 717. 65011. 700.
6151555. 670. dorm. 717. 65555 731.
616. 650. 6551. 673. 655515. 741.
616651. 650. 6555. 793. 6555151555. 739.
613151. 707. 655551. 718. dropdumpling. 796.
61 1. 654. 6515. 691. 6555311535. 745.
61 5. 608, 651, 653, 658. 655315. 610. 655553. 598.
61151555. 654. 6553153. 610. drowghle· 709.
61155555. 654. 6553151. 697. 6555555. 758,
6116. ’ 166. 65515. 773. (155. 709.
515. 555. douky. 555. (551. 555115.
655. 783. 6555. 610. dmg· 747, 708.
615655. 663, 783. 6555551. 733. (11063104 747.
615615. 666. 65555. 717. 65551556. 743.
’ 61536153. 661. 6551. 694. 65555. 705.
6155. 663. down. 778, sq. 783. 65019· 705.
6151. 609. 65551551155. 778. 65555. 758.
613. 078, 079. (155555. 693. dry· 784, 730, 757.
615555. 611. 65351. 791. 651550. 760.
6155. 784. 6553. 701. dub. 689, sq,
6151. 746. 6555. 694. 650556. 690.
615515. 703. 65555. 791. 6551. 101, 773.
611515. 607, 653, 558. 65561). 735. 655155. 774·
61113. 787. 6555515. 735. 6551511. 18, 876.
6155555613. 673. 6555515156. 346. 6551555551. 714.
61553. 679, 791. 6551. 740. 6551555556. 774.
65. 803. drag. 733, sq. dudder. 676.
6551. 618, 703, 773. 65533151511. 735. 6551. 775.
65515555. 703. 655355. 738. dure. 694, 710.
655151. 701. dmm. 733, 863. 6511551. 694, sq.
6551551. 701. 65515. 18. 6511. 789.
65513. 618, 701. dmm. 781, 743. 653. 610.
656. 693. 655515. 747. 65335. 610.
656655. 676. 65555151. 739. 65 5. 696.
656615. 691. 65555. 739. 6515. . 775.

 

