1089
1100010000. 978. 0100101000. 498. 0000000. 740, 841.

11000000. 981. 00010180. 00. 00. 886.
1100000. 980. 0000101. 908. 00 den 0010. 189.
1101010010 · 087. 000010 409. 0000000100. 409.
1110100010. 886. mastdarm. ' 918. 00010100. 888.
11101. 981. 0010110. 688. 00000000. 770.
1100000. 800. 0001000000 pl. 995. 00000000. 988.
100011. . 180. 0000000. 944. 0001000. 888.
101000000. 888. 0010. 876. 0001000100. 988.
1001000010. 918. 00100000. 987. 001. 888, 00.
10001100. 800. men. 867. 0000. 89.
1000 877. 000010101011011 490. 00000. 870.

0010010. 784. 0000010011000. 180. ouwijs. 98, 88.
001001 889. 0100000010. 18. 000000000. 880.
0000100100. 848. 0000000000. 180. 00000000. 807.
100. 800. 0000000101. 698. 0000. 040.
0000. 847. moer. 888.

meg. 746. 0000000100. 887. 0000001001. 048.

010 876. 000000000. 817. 00110. 919.

000. 000. 000000. 000. pap. 506.

000. 988. 0000 00. 818. 00001. 416.
00100. 880. 0000. 889. 001. 909.
000000. 88. 01010. 770. 0001. 899.
00011 878. 0100000000. 148, 770.
00001. 98. 0001000. 893, 998. 011100. 418.
0001. 988. 000001. 844. 0101. 891.
1880. 0010100. 989. 010100. 891.

 

z 010. 968. 00000. 98, 01000101. 980.
3· 010. 898. 00001. 98. 01000000. 18.
01. 988. 000101. 198. 0101000. 088.
100001. 877. 000100. 888. 01001000. 18.
10001010. 877. 000000. 940. 0000001100. 888.
0100000. 90. 01000000. 18.
01)οἰ. 988. 011100. 409, 881. 01011001. 889.
01000. 987. 00001. 997. 0101. 498.
1100. 078. 000000000110. 088. 01000. 408.
0100. ,987. 00001. 097. 000101. 417.
0001001. 108. 0001100. 097. 00000100. 491.
10110000. 880. 0000110000. 7. 0000011000. 491.
’000 869. 00000000. 997. 0001000. 878.
1001010000. 009. 010. 081. 00010. 880.
obba 884. 00000001. 948. 001. 498.
011000. · 884. 0011001. 498.
·· 1. 080, 889, 787. 011. 11. 001000. 84.
nb . 884. 0000010010. 969. 0001001000. 808.
0101000101. 488. 00000001. 900. 00100. 468, 837.
uis. 481.. 0001000. 88. prat. 488.
0100. 897. 001. 808, 848. 000100. 708.
00101010. 864. 0010100000. 968. proten. 408.
L 078. oog 0010000100. 84. 0001101000. 408.
fio. 948. 0001010000. 091. puin. 798.
886, 098. 001 870. 001. 990.
001. 78. 0010. 480.

«ml. 881. 00010000. 808.
¹1 0.’ 840. 000100. 938. 00001. 747.
0001011. 774. 00000οο00. 098. quijlbabbe. 140.

01100000. 908. 00000010. 808.
nan 10 00 maen. 849. 0000001. 098. 00011011. 889.

 

