1030

55. 586. 55155. 871. 51515.
5571. 308. 5515155555. 186. 5155.
55555 115, 773. 55555555. 817. 55555555.
5551. 333. 555. 819. 51555.
5555 370, 590. 55555 878. 555115551.
55051. 959. 55555. 379. 5155155151.
551 536. 5555551 635. 55555.

555. 646. 5555. 153, 153. 5551155 51
555. 161,858,963. 555 V. 839. 555

, 555. 769. 555155 55. 168. 55515.
55515 305. 555555. 916. 55555.
55551 055 678. werp. 371. 551555.
555 585, 853, 873, 881. 55555. 918. 5555551
5555. 107.· 5555555. 197. 555115.
ware. 370. 5555555155. 179. 51155 51.

877. .
53.
308.
313.
506.
335.
618.
671.
585.
338.
611.
73.

555, 55. ·

351.
688.

vatem. 508. 5555115. 901. 5515. 110, 689, 651.

5555. 370. 51555. 763. 55115.
5555. 797. 515. 586. 5515565555
wart. 508, 797. 515115. 733. 55551555.
5551551155. 383. 5155. 105, 786. 5515.
5510. 781. 5151 878, 781. 555551.
55555115. 888. 51115. 188. 555555.
555555. 189, 619. wigge. 788. 55515.
55. 857. 5155555555. 119,131. 551.
5551. 818. 5111 60.

5551551. 901. 51115. 838. y.

551). 700. 5115. 536. 55511511.
555515. 819. 555151. 639. 55515.
5555. 990. 51551. 911. 5551555555.
5551. 536. 51551555 V. 869. 55115.
551 39,59,135,630,313. 51555515. 718. 555
5551511555. 990. 515. 107. ynboel.
55115 887. 55555. 878. 551555
555151155 176. 5155555. 379. 555555.
55155555. 186. 5151. 115, 751. 5551551.
55115555. 136. 515115. 115. 5515535.
555555. 136. 51551 850. 5511.
5515. 133, 669. 511155. 373.

VOCABULA ANGLIGA.

...-.-——---

5 910. 555. 393. 51555555.

5555555. 835. nge. 33. 515.
51555155. 193, 55. 555511. 016. 511.
abb. 018. 511. 896. 5111555555.
51515155151551 3. 51555. 109. 51115.
5555. 391. 51. 87. 5115555.

933.
618.
61.
801.
676.
115.
663.
585, 55.

886.
96.

93, 833.

36.
335.
833.
198.

4.,
116.
700.
189.

73, 878.

38.
10, 711.
90.
110.
88.
81.

 

