1083

00000111. ,·90. 005000. 190. 00000000. 831.
0000010. 97. 00000. 301. 00000001. 399.
0000108100. , 95. buzen. 194, 791. 0000010800. 340.
00000110. 95. becken. 915. 0000001100. 1 999.
0001. 909. 000100οο0. 994. 00000. 338.
smper. 100. 00000000. 444. 00010. 160.
tugen. 17. 0000001. 943. 0000. 999.
0000. 899. 0000100. 830. 000000. 343.ν
apen 110. (0100) 00001100. 335. 000100101οη. 348.
0000101000. 109. 00010000. 078. 0000110110. 345.
000100οἰ0. 111. 00011100. 049. 0001100100. 347.
01000. 90. 00010 00. 946. 0000101100. 316, 347.
01000100· 110. 00001000. 797. 00010000. 949.
0101101. 15, 993. bedijgeu. 948. 00010100. 350.
0100011100. 833. 0001. 911. 00001100. 351.
0100000. 889. 001. 141. 00011001. 747.
(10) 01100 00000. 90, 948. 001100. 815, 379. 000001100. 337.
9181911119· 931. 000000110οἰ00. 960. (000) 0001111100. 354.
01110101. 890. 0 'pem 987. 00100. 930.
837. 001000100. 971. 0011180100. 361.
199. beiden. 919. bem pen. 388.
130. 001100)οη. 747. benef. 367.
¹ 409. 0011001100. 977. 0011011100. 940, 864, 003.
00110, 000110. 99, 53. beker. 970. 001100. 143,14.
ayt 937. 0011100000. 990. 00101000. 861.
0011110100. 981. 0050550100. 901.
00000010. 418. 00110100. 991. 0011100. 904.
0110001001. 598, 958. 0010000100. 999. 00000100. 341.
00000100. 953, 956. 0010000. 999. 0000100. 379.
000000. 958. 0011101000. 969. 00010000. 873.
0001010101111. 504. 001. 548. 000101. 359.
000100000010. 819. 00000010. 986. 0000500. 339.
0000000100. 180. 00100000. 987. bezitting· 352
00000. 878. 001 en. ' 447. 01000100. 593.
000000. 9. 00110001. 990. 0101100. 979.
buggo. 900. 0010001. 998. 0100010. 555.
001011. 919. 00000000. 999. bier· 1⁰·
bait’e. 38]. 0000000100. 800. 0101000010. 177.
00100001. 189. 00000000. 300. 01000001. 396, 0.
00100010 917. 0000000. 800. 010000. 471.
001100. 431. 00001100. 300. (00) 010000 00111100. 954.
00101. 163. 000010. 803. biis. 990.
0011101010. 545. 00000. 808. 01101. 997.
00101000. 169. 00000 te. 991. 01100. 999.
001-. 166. 0003011ι 910. 01110001. 995. ,
balg. 901. 00000000. 814. 01111111. 919.
balgen. 447. beugen. 949. 010011. 819.
00101. 909. 0ορ00000. 815. 010000. 980, 387.
00100. 173, 407. 0001000011. 3181010000000100101. 893.
0111100000. 179. 00100000. 3931010011. 319.
0000. 304. 001010. 970. 0100. 390, sq.
(000100) band. 173. Ι 0010110000. 390. 1 010000. 898.
00000000. “ 8041001οι1. 179, 994. y bladiughe. 397.
hang. 17. Ι0010. 995, 799. 01000100. 376.
0010001513. 179. ) bergen. 965. 1 0100 0. 993.
001000. 489. 0011ορ00. 967. ἵ 010 en. 198, 993, 379.
0001. 190. 0010010. 395.(010110100. 395.
0010. 353. 0010010100. 893. · 010100. 376.

 

