1088

589. 551555. 578. 15555. 898.
779. 5 . 195, 811 (15) 1555551551. 55.
13. 5155555555. 793. 1515. 850.
955. 515555551. 798. 155555055555. 688.
81. 51555. 599. 15515. 80.
781. 5155155155. 715. 10555555. 598.
781. 51555. 985. 15 fit . 85.

851. 515555. 115. 15555155. 588.
118. 5155155551. 578. 155555. 588.
317. 5155555. 17. 1555. 500.
991. 51555. 995. 15551555. 515, 55.

398. 5155555. 995. 155555. 855.
891. 51551. 875. 15155155. 595.
881. 555555. 575. 151. 705, 758.
43. 55551555. 315. 15555. 817.
555. smiek. 555. top. 515.
991. 55515515. 875. 155555. 588.
751. 5555555. 961. 155555. 753.
151. 5555555. 961. 1555555. 758.
978. 555015. 315. 1515555. 598.
519. 55515155. 803. 15555115 718.
719. 55115551155. 115. 15551. 597.
518. 5551. 589. 1551155. 851, 515.
113. 55555. 575. 155115555. 595.
965. 555155.. 719. 15555. 855.
951. 5555115150. 817. 1511155. 787.
951. 5551155. 188. 155515155. 598, 750.
991. 55551551. 519. 155555. 815.
91. 5156155. 508. 155515 598.
19. 5155151551. 158. 1555. 758.
51555515155. 815. 15555111. 158.
158, 511, 555. 51555. 715. 1551555. 718.
551. 51555. 776. 1551. 760.
785. 51555155. 717. 1511. 509.
898. 515551. 759. 151555. 185.
388. 5155155. 717. tuin. 580.
957. 51515155. 358. 1555155. 791.
85. 5155555555. 917. 15555. 450.
579. 5515555055. 798. 1551 587, 599.
85, 539. 551555. 791. 15515 599.
’ 718. 555. 789. twaede„ 188.
559. 555555. 358. 1115555. 781.
799. 5555555. 819.
987. 55555515. 898. 5115515155. 991.
5155 957. 5555555. 377. 51155551. 580.
157. 5555555. 818. 5115151155. 791, 851.
198. 555555. 898. 51155551. 985.
580. 5115511555. 881.
5555. 858. 15555. 718. 555555. 915.
787, 951. 1555155155. 851. 5555. 105.
951. 15151. 517. 555555. 987.
859. 151155. 875.
957. (van den) 1558. 50. 5551515. 955.
831. 155155. 718. va 555. 955.
501. 155. 588. 555 958.
615. 155155. 855. 5555 55. 998.
515. 155555. 955, 588. 55555. 791.
999. 1511555. 855. 5555555. 1001.

 

