1084

169. 1161111111.
988. 1111111111.
986. 1111111111.
1001. 111111.

-11111
111111
16111.
11111.
1161. 994. 111661.

’ 818... 11113177·

1616. 988. 11161.

11111111. 970. 1111161.

161-. 89, 63. 1111 1111111.-
11161116. 193. 11111.

1111111111. 649.

369. 1116166161.

” 991. 111116. 18,
580. 1111111.

977. 11111161.

388. 1116166111.

888. 116116.

710. 1111616

991. w 11.

970. 111111166116.

336. werf.

verbijsterd.
1116111111.
11111111611111.
1111611.
11111116.
11111111.
11111111.
1111111111.
111111111.
1111111111.

-———- ——.—-.- - .
*m*- .—

188. 1111111.
960. 1111111.

738. 1116111111.

186. wimpbraauwe.

966. wit.
644. 1111111111.
988. 1116111116.

481. wittebroodsweken pl. 481:

455. 111111 muts.

831. 1111111111.

384. welk
worm.

378. 111111.

897. wijndode.

818.

884. ye.

648.

787. 1111111111.

479. 11111111611611.

944. 11111161).
966. zuigje.
861. auster.

11111111 6111111111 1111111111111.

11111. 887. 1116181116.
1111161611. 847. 1111111.

handel. 305. 1111.

6111111. 661. 1111.

111111. 801. 11111.

holder. 446. 16611611.
bolge. 446. 11116111 pl.
1111111. 881, 648. 11111 ot.
6111116. 440. gou 1111111611.
6111111111. 476. 8111111111.
1111111111. 780. 1111111111.

6111. 680. Η111161.
611611. 698. 1111111111.
61611. 848. hakon.
6111111111. 698. 1111111,1111111111.
611. 704. 11116.

698. 111111111111.
746. 1611811111. 830,
768. 116161.

768. 1111311.

708. 11116.

6111611111.
6111111.
611111.

{1¹1⁰ 11.

898. 11661.
908. 11111611.
917. 11111.

189. 1111111111. ¹

988. pook.
968. punderen.
980. pylend.
964. scheer.
611. 181111.
87. smeerdobbel.
698. 61111131.
84. 1111111116.
8. 1111181611.
634. 11111.
15. 11111111.
704. 1111111111.

983. wangon pl.

387. 11181 1111.

815111111611116.

877.

688.
73.

’ 548.

470.
613.
838.

11.

15.
967.
814.
811.
668.

 

