1999

dull. 775, 818. 5551555.
(15551). 776. 5555555555.
(15555551. 768. 5515.
dump. 617, 769, sq. 777. 5555151555.
655555. 777. 555.
5155551155. 776. 51515.
dung. 718. -555,
dunghill. 561. 5555.
dunghillqueane.
dunt.

dupe.

dup

dur.

5155515.
duab.
(1551.

(155551.

785. 55.
598. 555.
678.

677. 15515.
784. 1551555115
793. sag.

693, 798. fuge.
677. fuget.
693. fam.

693, 799. 1516555.
795. 1511.

677. falling 5551.

614. 1511555.

815. 15115 pl.

814. 15155.

614. 1555557.

818. 1555.

814. 15555.

814. 155555.

814. 15551

813. [5515555555.
15515555555555.

87. 1511115555 Am.

365. 155155.

85. 1555.

841, 958. 155.

873. 155551.
944. 1511.
944. 1555.
944. 1551.
876. 1551115.
886. serry.

- 886. 155.
958. 65515.
egge. 844. 1551515151.

eg hel. 76. 15551.

515. 876. fud.
884.

893. gale.

994. gallow.

, 893. gupa.
886. 5551555.
995. gnte.
964. glore.
968. glut.
947. 51555.
883. 515555.
887. glore.
873. 55551.
889. 5555151555.

dunt.
(151515.
515555.
5155515.
dwarf.
65551.
51555515.
(15511.
(15155115.
515155.
51515515.
(1151555551

each.
5555511555.
emelingpole.
55555 pt.

55.
5651155.
edne.

{ifim
55151555.
55155555.
555555.

515.

511).
515555.
5115.
51555.
5115551155.
51515.
55515555 pl.
5556555551.
5555551555.
end.
555515.

676.

988. 5555565556.
879. 5555551155.
983. gout.
931. graham 55.
838. green.
943. groom.
137. 55551.
958.
66. 15511555.
66. ham 5.
han y.
954. 1556555.
956. 15555555.
965, 967. hen.
967. 15555.
156. 1555611.
868. 15511551.
977. how.

976, 976. hie.

977. 1551155515.
886. hod.

999, 999. holyday.

976. 1555556555.
981. 1555155551.
987, 997. 5551156551.
556. 15511.
888. .
15551·
964. 55.
996. 1 .
969. 15115555.
865. 155.
987. 151556.
1661.
979. 55555155.
993. 155515.
981. 555115.
1661.
891, 55. 1555.
966. 15555.
783. 1515.
636. 1565151555.
967. 1115.
554. 1555516555.
1515.
869. 1515155115.
859. 1565556515555151.
37. lab.
684. 156655.
863. 15515.
868. 1511
869. lain.
895. 15565556.
869. 15515.
864. 155515.
665. 15551555.

555, 555

876.
876.

755.
515
555.
555.

887.
161.
771.
777.
871.
864.
887.
687.
876.
734.
734.
763.
881.
686.
374.
546.
546.
881.

67.
669.
916.
917.
917.
967.

66.

98.
546.
548.

775.
775.
775.
696.
778.
546.
746.
575.

647.
766.
786.
567

667.

717, 416.

966.
557.
474.

 

