1038
NOMINA 330331111318101.

Abbe. 8. 3511515555. 438. 35555. 175.
Abbega. 3. -bal bor. 451. 35515. 456.
. Abbongwier. 3. 3511115. 458. 35555. 178, 456.
0111111108· 8. 35115555. 178, 458. 35515555. 818, 480.
86515555. 8. 3511155. 178, 458. Boppeburren. 550.
660115. 8. 3511555. 178, 458. 35515. 810, 468.
865155. 8. 35555155. 158. 3551555. 810.
1111551. 8. 35555. 153. 35515556. 810.
6515555. 94. 3515. 900. 3655. 411, 565.
655155. 60. 35115. 198. Bombergum. 411.
6515 889. 35515. 411. 35555. 811.
811551515. 18. 35(5)55. 193. 3555515553. 411.
815565 143. 3515. 193, 316. 35555151. 411.
61656555. 411. 351555. 144. 351515. 469.
8165555555 83. 35555. 417. 35115. 198.
1165155. 94. 355. 158193. 35111555. 469.
ΔΙ 55. 88. 35565. 148. 35515555. 411.
8111. 83. 35515. 143. 355555. 479.
111555· 85. -bear or. 810. 355515155. 471.
111551. - 83. 35151555. 198, 417, 470. 35555. 198, 417 , 410.
8151. 83. 356555. 144. 35111555. 489.

11551. 987. 35515555. 376, 553, 845. 3555. 193.
93. 355115. 376. 35551. 143, 485.

94. 351555, 143, 193. Britsenburg. 460.
94. 3510515. 178. 3511555556. 450.
94. 35115. 888. 355515551556. 588.
108. 35115. 881. 355555555. 584.
916. 355. 193. 3551. 588.
105. 35531555 bor. 374. 3555151. 489.
105. 355 m. 874. 3551555. 596.
105. 355. 375. 35555555 596.
917. -bert, 319. 3551555. 557.
105. 3515. 846. 355515. 468.
106. 3511555116. 193. -155555, 566.
3. 35 5. 148. 35515. 816.
117. 31115555 bor. 898. 355555515. 558.
111. 3111. 659.
18. 0156. 319. 6555. 607.
117. 31565556. 319, 560. 11551555. 778.
’ 111. 31551555. 568. 115555. 900.
953. 311155. 188. 11555555511515. 686, 884.
188. 315555. 470. -6551, 645.
94, 884. 31515. 398. 11515555. 638.
11155555. 854. 111115 U. 630.
153. 3551. 144. 11155155. 841.

35151585. 193. 3555551555551515. 411. 1115315555. 668.
3565. 376, 537, 900. 35615. 458. Djurre. 674.
355565. 158. 35115555. 489. 11555. 703.
355115. 198. 3515555. 487. 1156535. 485.
Ι355 5. 143. -bol 155. 451. 1156115 V. 846.
3515. 198. 3511155. 178. 115515. 778.
35115. 438. 3511515115. 448. 115115. 848.
35115. 189. 3515551. 488. 115115. 648.
Bakhum. 438. 35155556. 996. Dongemdeel. 711.

 

