. 1014

151155. 869. 5155515555. 453. 551555 5551515551. U. 22.
151155. 894. 551565. 476, 888, 944. 5555555555. 100.
1018, 82⁰» 887. 5515615. 888. 561. 11.
1515111555. 81. miel. 515, 834, 858, 948, 5555. 815.
15515. 838. sq. 555551. 130.
155556155. 694. 55155. 888. 555. 10, sq. 819.
15555. 655. mige. 15. 555155-555515551. 22, 84.
156. 695. miggelje. 735. 5555. 308.
1515. 365. miig. 907. 5555555551155. 95, 418.
15155 pt. 551. 55115515. 650. 555555. 81, 836.
1555. 8. 551115. 880. neat. ll, 188.
155115. 786. 55116555. 313. neblingen. 882.
15515. 388. 5511555. 318. 555565555115511. 603.
1615. 895. 551555. . 163. 551. 855.
luzeknipper. 79, 894. 1515515. 899. 55155555. 198.
lyk. 586, 864. 55156. 85. 55155555. 386.
lykwei. 865, 685. 5555615. 588. neiby. 878.
lynje. 817, 585. 55551· 487. 551651. 634.
1515555151. 79, 894. 555511551555. 511. 551155 pl. 562.
moalkje. 407. 55151115. 6.
5556 U. 888, 890. 5551115555. - 867. 5511515155. 59.
55556. 890. 555555555555. 404. 551155555. 538.
maela 899. mour. 79, 581, 588. 55115. 585.
15555151. 774. 5555561155. 617. 5551. 86, 987.
55555151. 689. 555555. 688. 51615. ’ 35.
555115. 48, 589. 5555551116. 136, 588. 5155. 585.
5561555. 990. 5555555351. 567. 5155155. 86, 50.
5581115. 899. 5556655. 800. 515. 101.
mammes. 755. moer. 521. 51555. 554.
5555551555. 960. moes U. 589. 511555. 409.
man. 85. 555115. 73, 906, sq. nJiit. 874.
mn. 498. 5551115. 899. 55555. 814, 917.
5555655556. 488, 646. 1565. 588. 555355. 409.
mangelplanke. 486. 55551551. 189. 5555655515153. 569,
55555551. 494. mot. 15. 5555. 138, 314.
5555. 870, 789. 5555565. 300. 5555115. 138.
margo. 151, 886, 983. (61) 5555515. 982. 5655. , 314.
master. 704. 55515. 138, 813. nocht. 814.
55515515. 704. mulkje. 138. 55551555, 55115555. 6.
555115. 788. 555515, 5555515. 6. 5665155. 498.
manger. 996. 5565. 451. nop. 585.
555555. 306. 555515. 451. 555156-655. 30.
5555515. 639. muskopje. 588. 5111. 585, 851.
5555115556 V. 854. 555155. 756, 814. 5111565. 851.
555165. 831, 930. 55551555. 567. 55555. 409.
5551155. 803, 887, 888. 55115. 588. 55.. 88, 748.
5551555. 906. 55516. 761. 55ῗ5555. 944.
555115 U. 798. ny 65. 79.
55555 Oce. 907. 5151555585. 1.
5555. 911. 5 apocopen patitur. l. 55· et 551- 5151551.
5555651. 634. 5555155115 5555115. 86, 551. 87, 30.
5555551551. 888, 691. 409, 987. 5551156555. 858.
merke. 885. ’5. 1,910. 5515556. 66.
5555155 pl. 499. 555515. 638. 55155516. 131.
5555115. 718. 55655 pl. 689. 55151555. 480.
mette. 91. 5555161. 876. 55115. 83.
551555555155. 15. 5551. 188. 55551551. 996.
5516651555. 656. 55555. 639. 55155. 94.

 

